Feasible
Restart 1, Repetition 3321 

Total time: 00:17:19.5475578, Restart time: 00:02:02.7949667 

Total cost: 2567

Number of Routes: 2
Priority 1: 0.8

Priority 2: 0.94



Route 0
Location Option Customer

0 - -

1 10 10

5 14 14

2 11 11

6 15 15

52 96 48

52 25 22

52 54 34

52 39 29

52 63 37

52 72 40

52 81 43

52 75 41

52 50 33

52 93 47

52 3 3

52 21 20

52 56 35

52 27 23

8 17 17

4 13 13

7 16 16

44 89 46

42 86 45

49 97 49

0 - -

Route 1
Location Option Customer

0 - -

19 36 28

9 18 18

3 12 12

51 0 0

51 78 42

51 42 30

51 47 32

51 9 9

51 4 4

51 7 7

51 1 1

51 35 27

51 65 38

51 68 39

51 8 8

51 84 44

51 2 2

51 23 21

51 44 31

51 31 25

51 6 6

51 33 26

51 60 36

51 29 24

51 5 5

10 19 19

0 - -

